    3   40  -14 -114  -12  -13 -128 -111  104   15 -110   28  -39  123   47   83
  117   16  -96 -128   96  -71  -78    0   59  -13   22 -109 -112  101   94  -18
  -67   55   51   24   18   43   22  -33  -19  -92  -32  -42   39  -47   91  -17
   78 -100  125   53  -34   51 -104   87   90  -46   78  -81  126   67   80  -75
   57 -104   21  114  -26    1   15   88  115  -84  -33  -67  113 -124   35  125
  106  -35  -70  120  -90 -125   95   30  -73   94   44  -14  -25  -16  -13   93
  126  -53  -35 -106   29  107   96 -120   39  -61 -116 -105   95  -55  -36    1
    8 -108   65  -22   43   53   55  104  -75  -28   28   -8   59  -16   94  -76
    4  126  100   27  -79   78  106  -89  -13   47   14   14   -6  -51  -63   19
  124  -84   -9  -65  102 -102
